50.70533376022863
50.48651537948464
50.048878617996685
49.22830969020675
48.73596833353279
48.517149952788806
48.517149952788806
48.6265591431608
48.5718545479748
48.73596833353279
48.68126373834679
49.33771888057874
50.37710618911265
50.76003835541463
49.99417402281069
49.93946942762469
49.99417402281069
49.8300602372527
49.93946942762469
49.88476483243869
49.93946942762469
49.88476483243869
49.88476483243869
49.88476483243869
49.44712807095073
48.407740762416815
48.35303616723082
48.29833157204482
48.84537752390477
49.283014285392746
50.048878617996685
50.37710618911265
50.59592456985664
50.10358321318268
47.641876429812875
46.328966145348986
45.50839721755904
82.47423653902773
87.67117308169732
91.774017720647
96.8068404777586
100.69086673596428
104.02784704231
109.2794881801656
112.8352868672553
117.86810962436691
123.28386454778047
128.26198270970607
133.1306916812597
138.05410524799927
141.55519933990303
143.74338314734283
147.29918183443255
149.2685472611284
151.5661402589402
