15.890843055084993
20.31457297482741
24.90214474344918
29.81740020982965
34.07728828069272
36.480302064256506
39.101771646326085
42.54245047279242
45.43698980299425
48.276915183569635
52.099891657421104
57.61590056969252
61.8757886405556
67.77409520021216
74.38238310501256
77.60460613297309
80.88144311056007
86.17899622432569
89.67428900041845
93.93417707128154
99.941711530191
104.63851119806566
111.19218515323962
115.83437087148783
120.80424028749475
125.71949575387524
127.7948258396803
130.47090937137634
134.9492532407452
138.00763441982642
144.88899207275904
148.65735459698408
152.58955897008843
158.10556788235988
164.22233024052224
167.82685091586788
174.1074551229096
166.47915751115127
166.0422459141397
166.80684120891
168.99139919396796
171.06672927977306
172.48669197006075
172.5413059196872
170.79365953164083
168.33603179845056
165.33226456899584
161.89158574252951
160.03471145523022
157.95938136942513
154.90100019034398
152.77105615491243
149.71267497583125
147.74657278927904
145.67124270347395
