62.64063321518467
62.69393811923584
62.48071850303115
62.64063321518467
63.12037735164522
64.61291466507805
67.11824515548318
68.87730698917187
71.1694178633723
71.54255219173051
70.36984430260472
67.54468438789256
67.2781598676367
67.65129419599491
67.86451381219959
67.17155005953434
65.57240293799916
62.5873283111335
55.49777607232753
52.67261615761537
38.81334110431047
38.65342639215695
38.76003620025929
38.76003620025929
19.250441317530083
19.26628064102602
19.21157604584003
19.868031188071978
21.345055258093858
25.229081516299544
29.988381297481165
32.45008808085097
32.45008808085097
32.45008808085097
32.45008808085097
32.39538348566497
32.50479267603696
32.88772484233893
35.130613244964756
37.045274076474605
37.48291083796257
37.75643381389254
43.281597927678106
50.61201368260152
50.72142287297351
75.66671827778751
82.50479267603697
87.66118041152878
91.87343424085044
96.79684780759004
100.68087406579573
104.07255896732745
109.26949550999706
112.93470338745877
116.87343424085046
118.67868588198832
121.24980185573011
123.87562242465788
125.40735108986576
127.04848894544565
130.98721979883732
