2.8363367294252084
6.614713751875979
9.062676329801832
12.04280468553765
15.289015930178454
18.269144285914273
22.845769975079996
25.71946517525382
30.615390331105527
33.91481815352733
38.70431015381703
40.939406420618894
44.39848397638369
49.24119255445439
53.392085621372146
56.691513443793944
59.0330428661578
61.48100544408365
63.396802244199534
63.76931828866652
70.52782366685311
74.35941726708488
77.49919535616368
80.79862317858547
90.11152429025992
94.22424866568667
98.04722513953816
101.81558766376317
105.6931780872411
111.20918699951251
117.05287960954263
120.6574002848883
124.97190230537781
127.86644163557965
130.43329726802278
132.94553895083948
135.78546433141486
141.35608719331273
146.87209610558412
151.5688957734588
154.02652350664903
157.03029073610375
159.9248300663056
164.56701578455383
167.62539696363498
165.2223831800712
166.58773192073244
166.2163959539471
166.65330755095871
169.0563213345225
171.2408793195805
172.4423862113624
172.6608420098682
170.85858167219533
172.33315831210948
174.24464654903522
176.8661161311048
179.5968136124273
181.01677630271496
182.9282645396407
186.8604689127451
