33.924819480634305
38.62941466662993
38.793528452187914
38.62941466662993
38.68411926181592
38.73882385700192
19.209283375601476
19.756329327461433
32.590705041776616
32.48129585140463
32.53600044659063
37.7876415844462
43.31280569823176
50.70474717317003
50.70474717317003
75.54063338761205
82.53380623107117
87.56662898818276
91.83358741269042
96.75700097943003
100.69573183282172
104.03271213916744
109.33905787220901
112.89485655929872
117.81827012603834
123.28872964463788
128.3215524017495
133.24496596848908
138.1136749400427
141.45065524638844
143.74824824420025
147.24934233610398
149.3828215483578
151.51630076061164
