64.27671632934256
66.35204641514764
70.66654843563715
74.27106911098284
77.65713398782272
80.7155151669039
90.21834240190614
101.79649972271346
120.90609539054313
125.00214161252684
135.65186178968452
157.1697579425057
159.95506937345462
164.52932668863986
167.69693576697392
165.2393080337837
166.56228205127957
166.0707565046415
166.67150995053245
169.01990978446977
171.14985381990132
172.51520256056256
172.51520256056256
170.87678407176907
168.4737702882053
165.3061612098712
162.02932423228424
159.95399414647915
157.9332780103005
154.92951078084576
152.96340859429358
149.74118556633306
147.88431127903377
145.75436724360225
