30.99201464806366
32.405058126324526
32.07897116980279
31.100710300237573
22.785492908933218
21.27161339063325
19.69552643411151
18.989004694981077
18.391178608024553
18.228135129763682
18.17378730367673
18.17378730367673
18.17378730367673
18.119439477589772
18.17378730367673
18.554222086285424
19.315091651502815
19.15214122618653
19.15214122618653
19.149338705889527
19.80579384812147
21.282817918143355
25.281746855990296
30.11870337772942
32.45565989946855
32.4013120733816
32.45565989946855
32.4013120733816
32.45565989946855
32.45565989946855
32.890442508164206
35.28174685599029
36.96652946468595
37.45565989946856
37.78174685599029
37.99913816033812
47.23826859512073
