15.196179448387817
21.056018791350965
24.040196234526643
26.86160036262001
33.372532965912406
36.62367442216554
40.15042958228225
42.75480262359921
46.55284664218644
54.800027939690125
60.38857842418277
66.24841776714591
69.93794624234494
73.68173248923806
77.53403427951939
80.68098503777738
85.72695780532898
90.11637560811214
94.29521958400201
98.05294170737582
101.93053213085375
105.75350860470523
111.31589889077524
117.06722269035019
120.7024933938551
124.98885735768926
127.97303480086494
130.36037675540547
132.91049202502833
135.67763838142758
141.37470440930844
146.80048157871877
151.46664994441164
154.1252807574227
157.05520042890427
168.88339465821878
175.82838943506397
